2
14
3
495654
3
4
11
3
989798
5
6
13
3
943929
7
8
3
2
2
9
10
13
3
875460
11
12
14
3
345681
13
14
14
3
398651
15
16
9
2
3000002
0
17
15
3
896945
18
19
5
2
2
20
21
4
2
5000002
0
22
4
2
11000002
1
23
13
3
960375
24
25
13
3
910893
26
27
4
2
1000002
0
28
4
2
10000002
29
30
3
2
2000002
31
32
4
2
8000002
1
33
14
3
551284
34
35
9
2
2000002
36
37
7
3
590911
38
39
14
3
405799
40
41
4
2
1000002
1
42
11
3
577780
43
0
4
2
11000002
1
44
4
2
1000002
0
45
3
2
4000002
0
46
7
3
628207
1
0
4
2
3000002
47
48
5
2
2
49
1
4
2
1000002
1
50
4
2
11000002
1
51
3
2
2000002
0
52
3
2
5000002
53
54
3
2
5000002
1
55
3
2
1000002
56
57
3
2
2
58
59
11
3
787236
60
61
3
2
2
62
63
15
3
828855
64
65
3
2
2000002
0
66
7
3
686569
67
68
3
2
2000002
69
70
14
3
438598
71
72
13
3
895174
73
0
9
2
2
74
75
5
2
2
76
77
10
3
887236
0
1
4
2
10000002
78
79
3
2
4000002
80
81
4
2
2000002
0
82
4
2
4000002
1
83
3
2
2
84
85
8
3
860401
86
87
16
3
889969
88
89
4
2
2
1
90
13
3
872564
0
91
4
2
6000002
0
92
3
2
3000002
93
94
9
2
2000002
95
0
14
3
467534
96
97
4
2
2
1
98
4
2
1000002
1
99
4
2
1000002
0
100
4
2
12000002
0
101
4
2
3000002
102
1
4
2
9000002
0
103
4
2
10000002
1
104
9
2
2
105
106
4
2
5000002
107
108
9
2
2
109
110
4
2
6000002
111
112
7
3
609758
1
0
5
2
2
113
114
17
3
895524
115
1
9
2
2000002
1
116
3
2
1000002
117
0
13
3
828959
118
119
8
3
774324
0
1
9
2
2
120
121
4
2
9000002
122
123
6
3
946414
0
124
4
2
4000002
125
126
4
2
6000002
0
127
3
2
1000002
128
129
13
3
904152
130
131
4
2
2
1
132
13
3
906379
133
134
4
2
9000002
1
135
5
2
2
136
137
4
2
2000002
0
138
9
2
2000002
0
139
9
2
2
0
140
11
3
500002
0
1
11
3
915256
1
141
4
2
10000002
1
142
9
2
2
143
144
4
2
8000002
0
145
3
2
4000002
1
146
9
2
2
0
147
9
2
1000002
148
0
4
2
7000002
1
149
4
2
4000002
150
151
3
2
3000002
1
152
3
2
2
153
154
3
2
2
155
0
3
2
5000002
156
157
12
3
762258
0
1
5
2
2
158
159
16
3
891201
0
1
3
2
5000002
160
161
12
3
890324
162
1
14
3
568184
163
164
9
2
1000002
165
166
10
3
440237
1
167
17
3
987656
168
1
4
2
8000002
169
170
5
2
2
171
0
4
2
1000002
1
172
4
2
6000002
1
173
12
3
540367
0
1
4
2
5000002
174
175
4
2
5000002
176
177
11
3
875002
0
178
11
3
741381
179
180
2
3
55000002
181
182
2
3
29000002
1
183
16
3
938163
1
184
3
2
1000002
1
185
16
3
838450
1
186
2
3
32000002
187
1
6
3
861976
188
1
11
3
931820
189
0
14
3
684213
1
190
4
2
4000002
191
192
4
2
3000002
193
1
9
2
1000002
194
195
18
3
910912
0
1
3
2
5000002
196
197
6
3
903603
198
1
9
2
2
199
200
14
3
424392
201
1
3
2
2000002
202
203
4
2
9000002
1
204
3
2
3000002
205
206
4
2
9000002
0
207
17
3
935137
1
0
9
2
2
0
208
2
3
48000002
1
209
17
3
743365
210
0
4
2
5000002
211
212
4
2
1000002
0
213
3
2
5000002
214
215
2
3
62000002
1
0
17
3
970590
216
217
4
2
9000002
0
218
3
2
2000002
219
220
4
2
3000002
221
0
4
2
9000002
0
222
17
3
890413
223
224
9
2
1000002
225
226
17
3
844830
227
228
6
3
842039
229
0
4
2
5000002
230
231
4
2
4000002
232
1
2
3
52000002
1
0
14
3
607145
1
0
14
3
514288
1
0
4
2
4000002
233
234
3
2
1000002
235
236
4
2
10000002
1
237
4
2
2000002
238
239
12
3
647570
240
1
4
2
4000002
241
242
13
3
911418
1
0
4
2
3000002
243
244
9
2
1000002
1
245
4
2
10000002
1
246
4
2
10000002
0
247
7
3
590478
1
0
4
2
8000002
1
248
17
3
975002
1
249
4
2
3000002
250
251
4
2
3000002
252
1
2
3
29000002
1
0
7
3
605507
253
0
6
3
889949
254
0
8
3
947315
0
1
4
2
10000002
1
255
7
3
685716
1
0
4
2
10000002
256
257
9
2
1000002
258
1
3
2
2000002
0
259
3
2
2000002
1
260
2
3
39000002
261
0
3
2
1000002
262
263
4
2
3000002
0
264
5
2
2
0
1
9
2
1000002
265
266
5
2
2
267
0
9
2
1000002
1
268
4
2
5000002
269
270
4
2
10000002
271
272
5
2
2
273
1
4
2
9000002
0
274
4
2
5000002
0
275
4
2
10000002
0
276
14
3
432838
1
0
16
3
732069
1
277
16
3
795327
1
0
3
2
5000002
278
279
4
2
2000002
1
280
4
2
9000002
0
281
4
2
5000002
282
283
14
3
474229
0
1
4
2
3000002
0
284
3
2
2000002
285
286
12
3
746344
0
1
3
2
1000002
287
288
8
3
946136
0
289
5
2
2
290
291
4
2
2000002
0
292
4
2
9000002
293
294
2
3
35000002
1
295
15
3
819350
0
1
9
2
1000002
1
296
9
2
1000002
0
1
18
3
627637
297
0
8
3
876447
0
1
15
3
926573
298
299
8
3
821556
1
0
3
2
3000002
1
300
3
2
3000002
301
302
14
3
703299
1
0
13
3
723234
303
1
4
2
3000002
304
305
6
3
908613
1
0
4
2
9000002
306
307
3
2
5000002
1
308
9
2
2000002
1
309
9
2
2
1
310
7
3
661292
311
1
6
3
908278
0
1
16
3
930347
0
1
8
3
855727
312
313
9
2
1000002
314
315
4
2
1000002
0
316
8
3
903177
317
0
10
3
741111
318
0
12
3
836018
0
1
15
3
937960
0
1
9
2
1000002
319
0
4
2
3000002
320
321
4
2
1000002
1
322
8
3
895602
1
0
12
3
643951
323
324
12
3
830222
0
325
4
2
4000002
326
327
4
2
1000002
0
328
17
3
941178
0
1
4
2
3000002
329
330
14
3
673471
1
331
14
3
471912
0
1
5
2
2
332
333
4
2
4000002
334
335
3
2
5000002
0
336
7
3
745765
0
1
15
3
759905
337
1
4
2
10000002
338
339
3
2
2000002
0
340
3
2
3000002
341
342
12
3
798454
0
343
9
2
2
344
345
10
3
935380
1
346
3
2
2000002
347
348
7
3
633665
1
0
14
3
433335
1
0
4
2
10000002
1
349
4
2
5000002
350
351
9
2
1000002
352
353
14
3
462965
354
355
4
2
2000002
0
356
14
3
480521
1
0
18
3
934907
0
357
3
2
3000002
358
359
4
2
4000002
360
361
4
2
3000002
362
0
13
3
909826
0
363
13
3
932060
364
0
10
3
832663
1
0
4
2
5000002
0
365
2
3
41000002
0
1
9
2
2000002
366
367
15
3
907588
0
1
16
3
453718
1
0
9
2
1000002
368
1
16
3
939204
1
369
8
3
767472
1
370
13
3
884398
371
1
4
2
5000002
372
373
5
2
2
374
375
14
3
591839
0
1
3
2
5000002
376
1
2
3
48000002
1
0
15
3
804325
0
377
4
2
10000002
378
379
10
3
915280
1
0
3
2
5000002
1
380
3
2
5000002
381
382
9
2
1000002
383
384
9
2
1000002
385
386
11
3
946431
0
1
18
3
924711
0
387
17
3
825002
388
0
4
2
4000002
389
390
11
3
837211
0
1
11
3
901641
1
391
2
3
42000002
392
1
14
3
681820
0
393
7
3
689657
1
0
4
2
12000002
0
394
9
2
1000002
395
396
7
3
598133
0
1
2
3
27000002
1
0
7
3
717951
1
0
3
2
3000002
397
398
4
2
3000002
399
400
14
3
606063
401
0
15
3
887809
0
402
13
3
851202
403
404
4
2
4000002
405
406
11
3
925534
407
1
14
3
427029
1
408
17
3
792455
1
409
17
3
903848
0
1
3
2
1000002
0
410
16
3
903408
0
1
4
2
9000002
411
412
14
3
391669
1
413
5
2
2
414
415
9
2
1000002
416
417
18
3
746722
1
0
16
3
834000
1
0
3
2
2000002
1
418
3
2
2
419
420
18
3
938859
0
421
4
2
3000002
422
423
4
2
3000002
424
425
12
3
840555
426
0
11
3
912283
427
428
4
2
4000002
429
430
5
2
2
431
1
16
3
791741
1
0
16
3
955605
1
0
9
2
1000002
432
433
6
3
976254
1
0
5
2
2
434
1
11
3
950822
435
436
8
3
934922
0
1
8
3
936692
437
0
9
2
1000002
438
439
6
3
979226
0
440
14
3
379312
1
0
9
2
2
441
442
4
2
8000002
0
443
3
2
2000002
444
445
7
3
722894
0
1
14
3
538014
0
446
8
3
751181
0
1
5
2
2
447
1
13
3
875359
0
1
9
2
2000002
448
449
4
2
9000002
0
450
15
3
907134
451
0
6
3
946109
0
1
3
2
1000002
452
1
3
2
5000002
1
453
3
2
2000002
454
455
2
3
50000002
1
456
4
2
8000002
0
457
11
3
870372
458
459
6
3
903814
0
460
6
3
890971
1
0
16
3
956664
1
461
17
3
895524
1
462
10
3
920303
0
1
17
3
927275
463
1
12
3
645341
464
1
4
2
5000002
465
466
17
3
966669
1
0
6
3
904530
0
1
2
3
33000002
467
1
9
2
1000002
468
469
12
3
810643
470
1
14
3
634617
0
1
2
3
40000002
1
0
4
2
10000002
471
472
3
2
5000002
0
473
5
2
2
1
474
16
3
852894
1
475
8
3
870290
1
0
3
2
2
476
1
4
2
3000002
477
478
18
3
899550
1
479
14
3
440680
480
481
17
3
934785
482
0
6
3
948728
1
0
6
3
900288
1
0
5
2
2
483
1
3
2
1000002
484
0
4
2
2000002
1
485
10
3
699562
0
1
9
2
1000002
486
0
8
3
934323
0
1
17
3
959461
487
488
3
2
5000002
0
489
9
2
1000002
490
491
7
3
558444
492
0
2
3
23000002
493
1
16
3
804306
494
1
3
2
3000002
0
495
12
3
573781
496
497
2
3
36000002
1
498
5
2
2
0
499
7
3
598133
1
0
5
2
2
500
501
10
3
690261
502
503
6
3
898739
504
1
11
3
870372
505
506
17
3
928573
1
0
4
2
1000002
507
508
4
2
10000002
0
509
10
3
800697
510
0
11
3
958335
511
1
9
2
2
512
513
8
3
952765
0
1
10
3
781892
514
0
3
2
2
515
0
7
3
650002
0
1
3
2
2000002
1
516
4
2
10000002
517
518
4
2
3000002
519
520
5
2
2
521
0
4
2
10000002
522
523
7
3
621214
1
0
8
3
921527
0
524
13
3
933931
1
0
10
3
919434
1
525
9
2
2000002
526
527
17
3
827588
528
0
17
3
966669
529
1
17
3
961540
530
1
5
2
2
1
531
3
2
5000002
532
533
18
3
932074
0
534
14
3
601565
535
536
4
2
3000002
537
1
4
2
3000002
538
539
18
3
842552
1
0
14
3
505884
540
0
15
3
885812
541
0
15
3
834874
1
0
13
3
902157
542
0
17
3
950002
1
0
4
2
3000002
543
544
11
3
897061
1
0
4
2
5000002
1
545
4
2
5000002
0
546
13
3
853411
1
0
16
3
825505
1
0
14
3
677421
547
548
8
3
960862
0
549
6
3
921575
1
0
5
2
2
550
0
11
3
910716
1
551
16
3
543117
0
1
3
2
2
552
0
18
3
739877
553
1
6
3
846987
1
0
6
3
954077
0
554
16
3
921038
0
1
18
3
897904
1
555
16
3
939471
0
1
5
2
2
556
557
16
3
710779
558
1
4
2
5000002
1
559
3
2
5000002
0
560
5
2
2
561
562
4
2
5000002
563
564
4
2
3000002
565
1
18
3
881073
566
567
10
3
622866
568
0
17
3
784316
0
1
17
3
881581
569
570
9
2
1000002
571
0
2
3
39000002
1
0
17
3
906252
572
1
18
3
925884
0
1
4
2
8000002
1
573
4
2
3000002
574
575
5
2
2
576
577
12
3
577998
578
1
8
3
860350
0
1
18
3
994312
1
579
7
3
734377
1
0
11
3
776473
1
0
4
2
8000002
580
581
4
2
8000002
0
582
7
3
595747
1
0
5
2
2
583
584
2
3
33000002
0
1
5
2
2
585
586
10
3
794063
587
1
2
3
25000002
0
1
5
2
2
0
588
5
2
2
589
0
9
2
1000002
590
591
14
3
358493
592
593
5
2
2
594
0
4
2
10000002
0
595
12
3
830875
0
596
3
2
3000002
0
597
10
3
670349
1
0
6
3
871762
598
0
2
3
22000002
599
0
4
2
12000002
1
600
4
2
2
1
601
8
3
801704
1
0
10
3
920981
1
602
4
2
3000002
603
1
4
2
5000002
604
605
4
2
4000002
606
607
10
3
843320
608
1
2
3
50000002
0
1
6
3
939206
1
609
3
2
3000002
610
611
9
2
1000002
612
613
7
3
582526
614
0
2
3
32000002
615
0
15
3
936822
616
1
9
2
1000002
617
1
2
3
38000002
618
619
9
2
1000002
620
1
3
2
3000002
621
622
3
2
5000002
623
624
7
3
607597
625
0
4
2
9000002
1
626
7
3
657897
627
1
16
3
573021
0
1
9
2
1000002
628
0
8
3
891190
629
0
17
3
933335
0
1
4
2
3000002
1
630
3
2
3000002
631
0
4
2
6000002
1
632
3
2
5000002
633
634
18
3
875883
635
0
4
2
3000002
636
637
4
2
5000002
638
639
3
2
2
640
641
14
3
373915
642
643
13
3
964381
1
0
4
2
8000002
644
645
2
3
34000002
0
646
9
2
1000002
647
648
5
2
2
649
1
4
2
4000002
650
651
3
2
5000002
1
652
11
3
727275
0
653
18
3
855008
0
654
15
3
925428
1
0
17
3
902176
655
656
18
3
717159
657
0
14
3
413795
1
0
4
2
8000002
0
658
9
2
1000002
659
660
7
3
656252
661
0
4
2
10000002
1
662
7
3
619837
0
1
4
2
4000002
663
664
14
3
414143
665
0
2
3
25000002
666
0
9
2
2000002
0
667
3
2
1000002
668
669
4
2
3000002
670
671
8
3
972629
672
0
13
3
926098
1
0
2
3
40000002
1
0
3
2
1000002
673
674
3
2
3000002
0
675
3
2
1000002
676
677
2
3
30000002
0
678
4
2
10000002
0
679
16
3
855391
0
680
2
3
43000002
1
0
13
3
922706
681
682
8
3
839978
683
0
3
2
1000002
684
685
3
2
1000002
686
687
9
2
1000002
688
689
18
3
876203
690
0
14
3
682929
0
1
10
3
815351
0
1
18
3
784125
691
692
14
3
660379
693
1
3
2
1000002
694
695
12
3
871298
1
696
14
3
562502
0
697
11
3
893619
0
1
11
3
935067
1
698
16
3
732472
699
0
3
2
3000002
700
701
11
3
712502
1
0
2
3
43000002
0
1
7
3
630954
1
0
13
3
930417
702
1
3
2
2000002
1
703
9
2
2
704
705
10
3
828259
0
1
14
3
520410
1
0
3
2
5000002
706
707
11
3
769233
1
0
15
3
858581
708
1
7
3
826089
709
1
3
2
1000002
710
711
13
3
869963
1
712
16
3
833238
1
0
15
3
911947
1
0
6
3
915473
1
0
2
3
55000002
0
1
15
3
585821
713
714
14
3
436366
1
0
9
2
1000002
715
716
4
2
3000002
1
0
17
3
972224
717
1
3
2
1000002
1
718
8
3
826399
0
1
16
3
787727
719
720
16
3
859811
721
722
14
3
351565
723
1
9
2
2000002
724
1
3
2
2
725
726
14
3
395606
1
0
4
2
3000002
727
728
3
2
5000002
729
730
16
3
845854
0
1
15
3
873029
731
0
4
2
4000002
732
733
14
3
318968
1
0
8
3
955708
0
734
5
2
2
735
736
16
3
929484
1
737
10
3
707679
0
738
10
3
848355
1
739
11
3
916669
740
1
18
3
977477
741
1
4
2
4000002
742
743
4
2
3000002
744
745
2
3
32000002
746
747
5
2
2
748
0
5
2
2
749
750
3
2
1000002
751
1
3
2
3000002
752
753
5
2
2
754
755
8
3
864633
756
1
11
3
964288
757
1
4
2
3000002
758
759
4
2
3000002
760
761
3
2
1000002
762
763
6
3
969170
0
764
8
3
975473
0
1
5
2
2
765
766
5
2
2
767
768
6
3
905155
769
1
2
3
32000002
0
770
3
2
3000002
0
771
10
3
764207
0
772
17
3
688891
773
1
15
3
896627
0
1
16
3
945137
0
774
4
2
4000002
775
776
12
3
753217
1
777
10
3
943364
778
779
13
3
909787
1
0
4
2
3000002
1
780
8
3
967010
0
781
6
3
902975
1
782
18
3
903555
1
783
15
3
397977
0
1
16
3
630378
784
785
9
2
1000002
786
1
10
3
835613
0
787
4
2
1000002
788
789
2
3
44000002
790
791
3
2
1000002
792
793
2
3
46000002
0
1
11
3
930558
0
794
14
3
689657
1
795
6
3
922296
1
0
3
2
1000002
796
797
10
3
881098
0
1
9
2
1000002
798
0
17
3
952383
1
0
11
3
805558
799
800
7
3
627453
1
801
7
3
625002
802
803
17
3
822583
804
1
7
3
900002
1
0
2
3
47000002
805
806
15
3
897352
0
807
7
3
769233
1
0
4
2
8000002
808
809
13
3
945843
810
1
4
2
4000002
811
812
4
2
3000002
813
1
15
3
956256
0
814
5
2
2
815
816
4
2
3000002
817
818
3
2
1000002
0
819
13
3
950980
1
820
14
3
372551
0
821
15
3
885112
822
823
6
3
918259
824
1
6
3
971903
1
0
10
3
758816
1
825
13
3
977211
1
826
4
2
4000002
827
1
16
3
822887
1
0
2
3
27000002
1
828
2
3
32000002
0
1
13
3
964807
0
1
4
2
3000002
829
1
11
3
764708
830
831
9
2
1000002
832
833
2
3
36000002
1
834
13
3
948243
835
1
6
3
970782
0
1
8
3
958616
1
836
13
3
935270
1
837
14
3
408165
0
1
14
3
461540
838
839
12
3
372154
840
0
13
3
918318
841
0
6
3
959507
1
842
8
3
783914
843
0
12
3
649179
844
1
17
3
803573
1
845
4
2
5000002
0
846
8
3
920972
0
1
7
3
552634
847
0
4
2
3000002
0
1
4
2
12000002
0
848
4
2
3000002
849
850
6
3
873442
851
1
3
2
1000002
852
853
12
3
796456
854
0
9
2
1000002
855
856
2
3
40000002
0
857
11
3
833335
858
0
18
3
913803
0
859
17
3
939396
1
860
10
3
687990
861
0
6
3
949251
1
0
4
2
3000002
0
862
8
3
857860
0
1
2
3
44000002
863
864
16
3
597859
0
865
3
2
1000002
866
867
14
3
390478
0
868
18
3
842094
869
0
3
2
1000002
0
1
2
3
25000002
0
1
4
2
4000002
870
871
5
2
2
872
0
5
2
2
0
873
12
3
732308
0
874
16
3
983935
1
0
2
3
27000002
1
875
17
3
972224
876
1
9
2
1000002
877
0
3
2
1000002
0
1
17
3
900002
878
0
9
2
1000002
879
880
4
2
3000002
881
1
2
3
31000002
882
883
7
3
833335
0
1
8
3
588698
1
0
5
2
2
884
885
4
2
5000002
1
886
18
3
949493
887
888
7
3
720932
1
0
2
3
37000002
0
1
7
3
658230
889
1
3
2
3000002
890
891
15
3
719410
892
0
2
3
26000002
893
0
7
3
570554
894
1
15
3
849823
895
896
9
2
1000002
897
898
6
3
966244
1
0
4
2
3000002
899
900
11
3
960786
0
901
18
3
936772
1
0
6
3
938490
902
1
2
3
31000002
903
1
2
3
35000002
1
0
8
3
871427
0
1
9
2
1000002
904
905
3
2
1000002
0
906
16
3
845695
0
1
6
3
947618
1
907
11
3
865387
908
0
5
2
2
909
910
2
3
45000002
0
1
14
3
364708
1
0
17
3
676473
911
1
17
3
852461
1
912
5
2
2
913
914
12
3
797273
0
1
6
3
905842
915
1
10
3
744863
0
916
13
3
954103
0
1
14
3
380954
917
1
16
3
699311
0
1
2
3
48000002
1
918
13
3
953008
919
920
6
3
952030
1
921
7
3
613335
922
1
16
3
888881
923
924
2
3
34000002
1
0
11
3
708335
925
1
15
3
958566
0
926
2
3
27000002
0
1
9
2
1000002
927
0
4
2
3000002
928
929
9
2
1000002
0
930
2
3
30000002
1
931
14
3
402176
932
1
9
2
1000002
933
934
10
3
939499
0
935
12
3
812974
1
936
18
3
968328
0
1
16
3
881599
0
937
12
3
861900
1
0
15
3
618070
0
1
5
2
2
938
939
4
2
2
1
940
17
3
836068
941
942
18
3
975419
0
1
4
2
4000002
943
0
11
3
989798
944
0
13
3
898228
945
1
3
2
1000002
946
1
2
3
35000002
947
0
10
3
821371
0
948
12
3
742202
949
1
2
3
29000002
950
1
10
3
797377
1
951
8
3
915806
952
0
10
3
918302
0
953
6
3
955815
0
1
17
3
926831
954
1
3
2
3000002
955
956
3
2
2
1
0
10
3
553560
0
1
5
2
2
957
958
14
3
372883
959
0
5
2
2
960
961
3
2
1000002
962
963
3
2
1000002
964
965
11
3
920002
1
0
3
2
1000002
0
966
17
3
937502
967
1
17
3
954547
0
1
12
3
670503
968
1
4
2
3000002
1
0
8
3
868757
969
1
6
3
794694
970
0
18
3
957721
1
0
14
3
593752
971
1
4
2
4000002
972
1
17
3
961540
973
1
17
3
984850
974
975
17
3
973686
976
977
14
3
714288
978
1
9
2
1000002
1
979
5
2
2
980
981
9
2
1000002
982
983
8
3
921569
0
1
3
2
1000002
984
985
12
3
865018
0
986
16
3
706272
1
0
11
3
821431
987
988
8
3
976396
1
989
3
2
1000002
990
991
3
2
1000002
0
992
15
3
704057
993
1
18
3
725910
994
1
18
3
900632
995
996
14
3
591400
997
1
16
3
885204
0
1
15
3
905949
0
998
2
3
32000002
999
1000
4
2
3000002
1001
1
14
3
457833
0
1
14
3
421431
1002
1
13
3
951798
1003
1004
3
2
1000002
1005
1006
18
3
973898
0
1
6
3
960661
1
1007
3
2
2
1008
1009
14
3
351066
0
1
18
3
871316
1010
1
14
3
369371
1
0
15
3
952672
1
0
18
3
866580
0
1
3
2
2
1011
1012
3
2
1000002
1
1013
14
3
365081
0
1
7
3
610296
1014
0
7
3
685716
1
0
7
3
575002
0
1
3
2
1000002
1015
1
8
3
895309
0
1016
2
3
29000002
1
1017
11
3
676473
1
0
14
3
460319
0
1018
15
3
866427
1019
0
13
3
916398
0
1
7
3
647061
0
1
15
3
940383
0
1020
4
2
3000002
1
1021
4
2
3000002
1022
1023
6
3
930700
1
1024
8
3
962205
1025
0
13
3
931558
1
0
18
3
961767
0
1026
8
3
890138
1027
1
17
3
801889
1028
1029
18
3
956463
1030
1031
3
2
1000002
1032
0
6
3
944625
0
1
2
3
39000002
0
1
15
3
943545
0
1033
8
3
927522
1
0
2
3
45000002
0
1034
12
3
856130
1
1035
11
3
872095
1
0
11
3
927275
0
1036
10
3
596789
0
1
7
3
603776
1
0
17
3
765627
1037
1038
3
2
3000002
1039
1040
13
3
937852
1041
0
3
2
2
1042
1043
4
2
3000002
1044
1045
15
3
871001
0
1
2
3
25000002
1
0
2
3
25000002
1046
0
3
2
2
1047
1
11
3
835296
1048
0
5
2
2
1049
1050
14
3
392002
1051
1052
9
2
1000002
1053
0
7
3
598133
1054
0
12
3
670171
1
1055
8
3
914575
1
0
9
2
2000002
1056
1057
2
3
35000002
1058
1059
5
2
2
1060
1
13
3
924370
1
0
6
3
842039
0
1
4
2
3000002
1061
1062
4
2
3000002
1063
1
9
2
1000002
1
1064
18
3
809902
1
1065
13
3
868794
0
1
8
3
834873
1
0
7
3
827588
1
1066
7
3
593752
0
1
3
2
1000002
1067
1
3
2
1000002
1
1068
14
3
566669
1069
1
17
3
844830
1070
1
17
3
839288
1
1071
18
3
462368
0
1072
16
3
856089
0
1
9
2
1000002
1073
1074
9
2
1000002
1
1075
18
3
914859
1
0
15
3
940068
1
0
14
3
521740
0
1076
2
3
41000002
0
1077
16
3
804851
0
1
18
3
786557
1
1078
13
3
901525
1
0
7
3
649575
0
1
3
2
5000002
1079
1080
13
3
965143
1
1081
6
3
945589
1082
1083
11
3
958335
1084
0
16
3
544617
1
1085
11
3
973686
1086
0
14
3
359377
1087
0
13
3
958627
1
1088
7
3
720932
1
1089
16
3
869918
1090
0
3
2
1000002
1091
0
6
3
959319
1
0
7
3
655740
1092
1
5
2
2
1093
1094
6
3
888579
1
0
5
2
2
1095
1
4
2
3000002
1096
1
12
3
808978
0
1
2
3
24000002
0
1097
9
2
1000002
1098
1
12
3
839161
1
1099
9
2
1000002
1100
1101
13
3
929076
0
1
2
3
34000002
0
1102
14
3
430382
0
1
7
3
673079
1
1103
8
3
974592
0
1
13
3
919403
1104
1105
16
3
845999
1
0
4
2
10000002
1106
1107
2
3
32000002
1108
1109
12
3
751952
0
1
3
2
1000002
1110
1111
14
3
468087
1
1112
16
3
873392
0
1
17
3
842859
0
1113
2
3
23000002
0
1
11
3
891091
1
1114
13
3
885847
1
1115
14
3
484377
1
0
8
3
890138
1
0
13
3
913835
0
1
17
3
971431
0
1
2
3
32000002
1116
1117
14
3
375942
1
0
2
3
33000002
0
1
6
3
944486
0
1
18
3
953911
0
1
16
3
862206
0
1118
15
3
897856
1119
1
2
3
35000002
0
1120
2
3
44000002
1
0
18
3
907490
0
1
9
2
1000002
1121
1122
17
3
666669
1123
0
16
3
834484
1
0
6
3
966342
1
0
3
2
1000002
1124
0
3
2
1000002
1125
1
17
3
930235
1126
1
13
3
954703
1
1127
9
2
1000002
0
1
2
3
41000002
1128
1129
16
3
677826
1
0
9
2
1000002
1
1130
2
3
31000002
1
1131
6
3
934874
0
1
13
3
839297
1132
1
11
3
919357
0
1133
18
3
852364
0
1
14
3
654764
1
1134
18
3
456550
1135
1
10
3
960397
1
0
15
3
811077
1
0
3
2
1000002
1136
0
11
3
839508
1137
1
8
3
547578
1
0
17
3
964288
0
1138
15
3
879763
1139
1140
17
3
968752
1
0
2
3
45000002
1141
0
17
3
895835
1142
1143
11
3
881581
1144
1145
3
2
1000002
1146
1
7
3
650945
1147
1148
18
3
574829
1
0
16
3
254159
0
1
14
3
436366
0
1
13
3
946055
1
0
16
3
506149
0
1
5
2
2
1149
1150
17
3
696972
1
0
8
3
906472
1
0
15
3
669801
0
1
13
3
957826
1151
1152
6
3
971895
0
1
14
3
386669
0
1153
18
3
898903
1
1154
15
3
915611
1
0
16
3
663728
1
0
14
3
441560
1
0
10
3
766918
1155
1
10
3
869488
1
0
17
3
860467
1156
1
11
3
782053
1157
0
8
3
763926
1158
0
6
3
949856
1
0
14
3
472224
0
1
2
3
44000002
1159
1160
16
3
863782
0
1161
7
3
658230
0
1
14
3
463770
1162
1163
16
3
763756
1
0
16
3
938163
1164
0
18
3
900229
0
1
6
3
947664
0
1165
8
3
851015
0
1
4
2
3000002
1166
0
16
3
798001
0
1167
7
3
541324
0
1
15
3
926816
1
0
17
3
745457
1168
0
2
3
35000002
1169
0
17
3
752690
0
1
4
2
3000002
1170
0
14
3
550002
1
0
6
3
908104
1
0
17
3
975002
1171
0
13
3
883677
0
1172
10
3
867439
1173
1
9
2
1000002
1174
1175
14
3
529853
1176
0
2
3
29000002
0
1
13
3
873395
1177
0
11
3
893619
1
1178
13
3
896534
1179
1
17
3
925534
1180
0
18
3
966994
0
1181
13
3
944594
1182
0
18
3
760435
1183
0
18
3
968480
1
1184
15
3
677191
1
0
6
3
945680
0
1
4
2
3000002
1185
1
4
2
3000002
1186
0
3
2
3000002
1
1187
12
3
757050
1188
0
18
3
380356
1
0
3
2
5000002
1
1189
7
3
608698
0
1190
11
3
927930
1
0
18
3
924813
1
0
16
3
816997
0
1191
11
3
918752
1
1192
14
3
365081
1
1193
12
3
737237
0
1
6
3
888141
0
1
2
3
29000002
1
1194
6
3
918116
0
1
13
3
931484
1195
1
16
3
853315
1
1196
5
2
2
1197
0
16
3
840432
1
0
13
3
929908
0
1198
15
3
966981
0
1
14
3
428573
1
0
17
3
796298
1
0
17
3
905662
0
1199
4
2
3000002
1200
1
16
3
792785
1
1201
11
3
879312
1
1202
5
2
2
1203
1204
6
3
843808
1
0
8
3
925977
0
1
15
3
873368
0
1
2
3
27000002
1
1205
2
3
34000002
1206
1207
7
3
758623
0
1
9
2
1000002
1
1208
14
3
629632
1
1209
17
3
844830
1210
0
7
3
659343
1
0
12
3
729713
1
1211
14
3
541669
1
0
3
2
1000002
1212
1
14
3
524592
0
1213
17
3
930235
1214
1
3
2
1000002
1215
1216
7
3
766669
0
1217
10
3
876114
0
1
3
2
1000002
1218
1219
7
3
596156
1
0
10
3
791082
1
0
11
3
861113
0
1
17
3
939396
0
1
7
3
653848
1
0
15
3
904274
0
1
12
3
689253
1
0
4
2
3000002
1220
1221
6
3
930779
1
0
8
3
874502
0
1
14
3
349652
1
0
13
3
932714
1
0
11
3
651165
0
1222
8
3
830098
0
1
14
3
372883
1223
0
10
3
958127
1
1224
8
3
761800
0
1
10
3
933396
1225
1226
6
3
932897
1
0
17
3
763891
0
1
8
3
792985
1227
0
2
3
34000002
1
0
2
3
25000002
1
0
13
3
892616
1228
0
17
3
991669
1229
0
11
3
792455
1230
0
11
3
696972
1231
0
6
3
969790
0
1
15
3
737154
1
0
10
3
956184
0
1
6
3
966724
1232
1233
2
3
32000002
1
0
6
3
968782
1
0
13
3
931857
1
0
16
3
148157
0
1234
12
3
320647
1235
1
10
3
464898
1
1236
7
3
696972
1
0
17
3
829270
0
1
3
2
1000002
1237
1238
11
3
896554
1239
1
11
3
894739
1240
1
12
3
804973
1241
0
6
3
948663
1242
1243
8
3
843987
1
0
2
3
24000002
1244
0
2
3
26000002
1245
1
15
3
908567
1
1246
10
3
518819
1
0
8
3
842731
0
1
10
3
791082
0
1
8
3
821618
0
1
10
3
586282
1
1247
8
3
769246
1248
0
14
3
638891
1
0
8
3
961046
0
1249
18
3
916693
0
1250
11
3
957449
0
1
2
3
40000002
0
1251
15
3
691639
1
0
13
3
955309
1
1252
8
3
924106
1253
1254
10
3
882533
1
0
16
3
822787
1255
0
17
3
876291
1
1256
15
3
917868
0
1
17
3
839288
0
1
